


安川电机 MP3000 系列(UDP)



(0000000 - 1048575)
GMW0 10
	11 01 00 00 00 00 50 00 00 00 00 00 42 00 43 4d 10 00 0a 00 4d 02 00 00 00 00 4d 02 01 00 00 00 4d 02 02 00 00 00 4d 02 03 00 00 00 4d 02 04 00 00 00 4d 02 05 00 00 00 4d 02 06 00 00 00 4d 02 07 00 00 00 4d 02 08 00 00 00 4d 02 09 00 00 00
	11 02 00 00 00 00 50 00 00 00 00 00 42 00 43 4d 10 00 0a 00 4d 02 00 00 00 00 4d 02 01 00 00 00 4d 02 02 00 00 00 4d 02 03 00 00 00 4d 02 04 00 00 00 4d 02 05 00 00 00 4d 02 06 00 00 00 4d 02 07 00 00 00 4d 02 08 00 00 00 4d 02 09 00 00 00
	11 03 00 00 00 00 50 00 00 00 00 00 42 00 43 4d 10 00 0a 00 4d 02 00 00 00 00 4d 02 01 00 00 00 4d 02 02 00 00 00 4d 02 03 00 00 00 4d 02 04 00 00 00 4d 02 05 00 00 00 4d 02 06 00 00 00 4d 02 07 00 00 00 4d 02 08 00 00 00 4d 02 09 00 00 00
	11 04 00 00 00 00 50 00 00 00 00 00 42 00 43 4d 10 00 0a 00 4d 02 00 00 00 00 4d 02 01 00 00 00 4d 02 02 00 00 00 4d 02 03 00 00 00 4d 02 04 00 00 00 4d 02 05 00 00 00 4d 02 06 00 00 00 4d 02 07 00 00 00 4d 02 08 00 00 00 4d 02 09 00 00 00
GMW10 10
	11 01 00 00 00 00 50 00 00 00 00 00 42 00 43 4d 10 00 0a 00 4d 02 0a 00 00 00 4d 02 0b 00 00 00 4d 02 0c 00 00 00 4d 02 0d 00 00 00 4d 02 0e 00 00 00 4d 02 0f 00 00 00 4d 02 10 00 00 00 4d 02 11 00 00 00 4d 02 12 00 00 00 4d 02 13 00 00 00



(00000 - 21FFF)
IW0 10
	11 01 00 00 00 00 50 00 00 00 00 00 42 00 43 4d 10 00 0a 00 49 02 00 00 00 00 49 02 01 00 00 00 49 02 02 00 00 00 49 02 03 00 00 00 49 02 04 00 00 00 49 02 05 00 00 00 49 02 06 00 00 00 49 02 07 00 00 00 49 02 08 00 00 00 49 02 09 00 00 00



(00000 - 21FFF)
OW0 10
	11 01 00 00 00 00 50 00 00 00 00 00 42 00 43 4d 10 00 0a 00 4f 02 00 00 00 00 4f 02 01 00 00 00 4f 02 02 00 00 00 4f 02 03 00 00 00 4f 02 04 00 00 00 4f 02 05 00 00 00 4f 02 06 00 00 00 4f 02 07 00 00 00 4f 02 08 00 00 00 4f 02 09 00 00 00



(0000000 - 2097151)
GW0 10
	11 01 00 00 00 00 50 00 00 00 00 00 42 00 43 4d 10 00 0a 00 47 02 00 00 00 00 47 02 01 00 00 00 47 02 02 00 00 00 47 02 03 00 00 00 47 02 04 00 00 00 47 02 05 00 00 00 47 02 06 00 00 00 47 02 07 00 00 00 47 02 08 00 00 00 47 02 09 00 00 00



(00000 - 65534)
SW0 10
	11 01 00 00 00 00 50 00 00 00 00 00 42 00 43 4d 10 00 0a 00 53 02 00 00 00 00 53 02 01 00 00 00 53 02 02 00 00 00 53 02 03 00 00 00 53 02 04 00 00 00 53 02 05 00 00 00 53 02 06 00 00 00 53 02 07 00 00 00 53 02 08 00 00 00 53 02 09 00 00 00



(00000000 - 10485750)(地址个位数只能为0)
GMB0 10(位)
	11 01 00 00 00 00 50 00 00 00 00 00 42 00 43 4d 10 00 0a 00 4d 02 00 00 00 00 4d 02 01 00 00 00 4d 02 02 00 00 00 4d 02 03 00 00 00 4d 02 04 00 00 00 4d 02 05 00 00 00 4d 02 06 00 00 00 4d 02 07 00 00 00 4d 02 08 00 00 00 4d 02 09 00 00 00
GMB10485700 5(位)
	11 01 00 00 00 00 32 00 00 00 00 00 24 00 43 4d 10 00 05 00 4d 02 fa ff 0f 00 4d 02 fb ff 0f 00 4d 02 fc ff 0f 00 4d 02 fd ff 0f 00 4d 02 fe ff 0f 00



(000000 - 21FFF0)(地址个位数只能为0)
IB0 10(位)
	11 01 00 00 00 00 50 00 00 00 00 00 42 00 43 4d 10 00 0a 00 49 02 00 00 00 00 49 02 01 00 00 00 49 02 02 00 00 00 49 02 03 00 00 00 49 02 04 00 00 00 49 02 05 00 00 00 49 02 06 00 00 00 49 02 07 00 00 00 49 02 08 00 00 00 49 02 09 00 00 00
IB21FF00 5(位)
	11 01 00 00 00 00 32 00 00 00 00 00 24 00 43 4d 10 00 05 00 49 02 f0 1f 02 00 49 02 f1 1f 02 00 49 02 f2 1f 02 00 49 02 f3 1f 02 00 49 02 f4 1f 02 00



(000000 - 21FFF0)(地址个位数只能为0)
OB0 10(位)
	11 01 00 00 00 00 50 00 00 00 00 00 42 00 43 4d 10 00 0a 00 4f 02 00 00 00 00 4f 02 01 00 00 00 4f 02 02 00 00 00 4f 02 03 00 00 00 4f 02 04 00 00 00 4f 02 05 00 00 00 4f 02 06 00 00 00 4f 02 07 00 00 00 4f 02 08 00 00 00 4f 02 09 00 00 00
OB21FF00 5(位)
	11 01 00 00 00 00 32 00 00 00 00 00 24 00 43 4d 10 00 05 00 4f 02 f0 1f 02 00 4f 02 f1 1f 02 00 4f 02 f2 1f 02 00 4f 02 f3 1f 02 00 4f 02 f4 1f 02 00



(00000000 - 20971510)(地址个位数只能为0)
GB0 10(位)
	11 01 00 00 00 00 50 00 00 00 00 00 42 00 43 4d 10 00 0a 00 47 02 00 00 00 00 47 02 01 00 00 00 47 02 02 00 00 00 47 02 03 00 00 00 47 02 04 00 00 00 47 02 05 00 00 00 47 02 06 00 00 00 47 02 07 00 00 00 47 02 08 00 00 00 47 02 09 00 00 00
GB20971000 16(位)
	11 01 00 00 00 00 74 00 00 00 00 00 66 00 43 4d 10 00 10 00 47 02 cc ff 1f 00 47 02 cd ff 1f 00 47 02 ce ff 1f 00 47 02 cf ff 1f 00 47 02 d0 ff 1f 00 47 02 d1 ff 1f 00 47 02 d2 ff 1f 00 47 02 d3 ff 1f 00 47 02 d4 ff 1f 00 47 02 d5 ff 1f 00 47 02 d6 ff 1f 00 47 02 d7 ff 1f 00 47 02 d8 ff 1f 00 47 02 d9 ff 1f 00 47 02 da ff 1f 00 47 02 db ff 1f 00
GB20971000 32(位)
	11 01 00 00 00 00 d4 00 00 00 00 00 c6 00 43 4d 10 00 20 00 47 02 cc ff 1f 00 47 02 cd ff 1f 00 47 02 ce ff 1f 00 47 02 cf ff 1f 00 47 02 d0 ff 1f 00 47 02 d1 ff 1f 00 47 02 d2 ff 1f 00 47 02 d3 ff 1f 00 47 02 d4 ff 1f 00 47 02 d5 ff 1f 00 47 02 d6 ff 1f 00 47 02 d7 ff 1f 00 47 02 d8 ff 1f 00 47 02 d9 ff 1f 00 47 02 da ff 1f 00 47 02 db ff 1f 00 47 02 dc ff 1f 00 47 02 dd ff 1f 00 47 02 de ff 1f 00 47 02 df ff 1f 00 47 02 e0 ff 1f 00 47 02 e1 ff 1f 00 47 02 e2 ff 1f 00 47 02 e3 ff 1f 00 47 02 e4 ff 1f 00 47 02 e5 ff 1f 00 47 02 e6 ff 1f 00 47 02 e7 ff 1f 00 47 02 e8 ff 1f 00 47 02 e9 ff 1f 00 47 02 ea ff 1f 00 47 02 eb ff 1f 00



(000000 - 655340)(地址个位数只能为0)
SB0 10(位)
	11 01 00 00 00 00 50 00 00 00 00 00 42 00 43 4d 10 00 0a 00 53 02 00 00 00 00 53 02 01 00 00 00 53 02 02 00 00 00 53 02 03 00 00 00 53 02 04 00 00 00 53 02 05 00 00 00 53 02 06 00 00 00 53 02 07 00 00 00 53 02 08 00 00 00 53 02 09 00 00 00
SB655300 5(位)
	11 01 00 00 00 00 32 00 00 00 00 00 24 00 43 4d 10 00 05 00 53 02 fa ff 00 00 53 02 fb ff 00 00 53 02 fc ff 00 00 53 02 fd ff 00 00 53 02 fe ff 00 00


