
DM0 : 12 (写入的一个字)
DM2 : 10 (写入的一个字)
DM4 : 9 (写入的一个字)
DM6 : 8 (写入的一个字)
DM7 : 5 (写入的一个字)
其余为 0

夏普 JW300(UDP)（一条语句最多读取127个）



（0 - 37777776）（八进制）（word）（地址只能是偶数）
F0 1
	00 00 00 00 00 00 00 00 00 00 00 00 00 00 00 00 00 00 00 00 00 00 00 00 00 00 00 00 00 00 00 00 00 00 00 00 00 00 00 00 47 00 34 ff 01 00 00 00 00 02 00 0c 00
F17777770 8
	00 00 00 00 00 00 00 00 00 00 00 00 00 00 00 00 00 00 00 00 00 00 00 00 00 00 00 00 00 00 00 00 00 00 00 00 00 00 00 00 47 00 34 ff 01 f8 ff 3f 00 10 00 0c 00 00 00 0a 00 00 00 09 00 00 00 08 00 05 00



（0 - 7776）（八进制）（地址只能是偶数）
E0 2
	00 00 00 00 00 00 00 00 00 00 00 00 00 00 00 00 00 00 00 00 00 00 00 00 00 00 00 00 00 00 00 00 00 00 00 00 00 00 00 00 47 00 34 ff 00 00 1c 00 00 04 00 0c 00 00 00
E3776 5
	00 00 00 00 00 00 00 00 00 00 00 00 00 00 00 00 00 00 00 00 00 00 00 00 00 00 00 00 00 00 00 00 00 00 00 00 00 00 00 00 47 00 34 ff 00 fe 23 00 00 0a 00 0c 00 00 00 0a 00 00 00 09 00



（0 - 377）（八进制）
z0 6
	00 00 00 00 00 00 00 00 00 00 00 00 00 00 00 00 00 00 00 00 00 00 00 00 00 00 00 00 00 00 00 00 00 00 00 00 00 00 00 00 47 00 34 ff 00 00 76 00 00 0c 00 0c 00 00 00 0a 00 00 00 09 00 00 00
z277 3
	00 00 00 00 00 00 00 00 00 00 00 00 00 00 00 00 00 00 00 00 00 00 00 00 00 00 00 00 00 00 00 00 00 00 00 00 00 00 00 00 47 00 34 ff 00 7e 77 00 00 06 00 0c 00 00 00 0a 00



（0 - 1777 , 2000 - 17777）（八进制）
T0 10
	00 00 00 00 00 00 00 00 00 00 00 00 00 00 00 00 00 00 00 00 00 00 00 00 00 00 00 00 00 00 00 00 00 00 00 00 00 00 00 00 47 00 34 ff 00 00 04 00 00 14 00 0c 00 00 00 0a 00 00 00 09 00 00 00 08 00 05 00 00 00 00 00
T7777 4
	00 00 00 00 00 00 00 00 00 00 00 00 00 00 00 00 00 00 00 00 00 00 00 00 00 00 00 00 00 00 00 00 00 00 00 00 00 00 00 00 47 00 34 ff 00 fe df 00 00 08 00 0c 00 00 00 0a 00 00 00



（0 - 3776 , 4000 - 37776）（八进制）（地址只能是偶数）
B(b)0 1
	00 00 00 00 00 00 00 00 00 00 00 00 00 00 00 00 00 00 00 00 00 00 00 00 00 00 00 00 00 00 00 00 00 00 00 00 00 00 00 00 47 00 34 ff 00 00 04 00 00 02 00 0c 00
B(b)17776 7
	00 00 00 00 00 00 00 00 00 00 00 00 00 00 00 00 00 00 00 00 00 00 00 00 00 00 00 00 00 00 00 00 00 00 00 00 00 00 00 00 47 00 34 ff 00 fe df 00 00 0e 00 0c 00 00 00 0a 00 00 00 09 00 00 00 08 00



（1000000 - 1177776）（八进制）（地址只能是偶数）
F1000000 9
	00 00 00 00 00 00 00 00 00 00 00 00 00 00 00 00 00 00 00 00 00 00 00 00 00 00 00 00 00 00 00 00 00 00 00 00 00 00 00 00 47 00 34 ff 01 00 00 00 00 12 00 0c 00 00 00 0a 00 00 00 09 00 00 00 08 00 05 00 00 00



（0 - 7777776）（八进制）（地址只能是偶数）
F1-0 0 1
	00 00 00 00 00 00 00 00 00 00 00 00 00 00 00 00 00 00 00 00 00 00 00 00 00 00 00 00 00 00 00 00 00 00 00 00 00 00 00 00 47 00 34 ff 01 00 00 00 00 02 00 0c 00



（0 - 7777776）（八进制）（地址只能是偶数）
F1-1 7777774 2
	00 00 00 00 00 00 00 00 00 00 00 00 00 00 00 00 00 00 00 00 00 00 00 00 00 00 00 00 00 00 00 00 00 00 00 00 00 00 00 00 47 00 34 ff 01 fc ff 3f 00 04 00 0c 00 00 00



（0 - 7777776）（八进制）（地址只能是偶数）
F1-2 3777770 3
	00 00 00 00 00 00 00 00 00 00 00 00 00 00 00 00 00 00 00 00 00 00 00 00 00 00 00 00 00 00 00 00 00 00 00 00 00 00 00 00 47 00 34 ff 01 f8 ff 4f 00 06 00 0c 00 00 00 0a 00



（0 - 7777776）（八进制）（地址只能是偶数）
F1-3 5673420 4
	00 00 00 00 00 00 00 00 00 00 00 00 00 00 00 00 00 00 00 00 00 00 00 00 00 00 00 00 00 00 00 00 00 00 00 00 00 00 00 00 47 00 34 ff 01 10 77 77 00 08 00 0c 00 00 00 0a 00 00 00



R000 : 1101 0100 1010 0101


（0 - 1576 , 2000 - 7576 , 10000 - 54376）（八进制）（地址只能是偶数）
A0 1(位)
	00 00 00 00 00 00 00 00 00 00 00 00 00 00 00 00 00 00 00 00 00 00 00 00 00 00 00 00 00 00 00 00 00 00 00 00 00 00 00 00 47 00 34 ff 00 00 00 00 00 02 00 00 00
A400 2(位)
	00 00 00 00 00 00 00 00 00 00 00 00 00 00 00 00 00 00 00 00 00 00 00 00 00 00 00 00 00 00 00 00 00 00 00 00 00 00 00 00 47 00 34 ff 00 00 01 00 00 04 00 00 00 00 00
A1234 3(位)
	00 00 00 00 00 00 00 00 00 00 00 00 00 00 00 00 00 00 00 00 00 00 00 00 00 00 00 00 00 00 00 00 00 00 00 00 00 00 00 00 47 00 34 ff 00 9c 02 00 00 06 00 00 00 00 00 00 00
A1564 4(位)
	00 00 00 00 00 00 00 00 00 00 00 00 00 00 00 00 00 00 00 00 00 00 00 00 00 00 00 00 00 00 00 00 00 00 00 00 00 00 00 00 47 00 34 ff 00 74 03 00 00 08 00 00 00 00 00 00 00 00 00
A2000 1(位)
	00 00 00 00 00 00 00 00 00 00 00 00 00 00 00 00 00 00 00 00 00 00 00 00 00 00 00 00 00 00 00 00 00 00 00 00 00 00 00 00 47 00 34 ff 00 00 30 00 00 02 00 00 00
A7400 4(位)
	00 00 00 00 00 00 00 00 00 00 00 00 00 00 00 00 00 00 00 00 00 00 00 00 00 00 00 00 00 00 00 00 00 00 00 00 00 00 00 00 47 00 34 ff 00 00 3b 00 00 08 00 00 00 00 00 00 00 00 00
A7522 3(位)
	00 00 00 00 00 00 00 00 00 00 00 00 00 00 00 00 00 00 00 00 00 00 00 00 00 00 00 00 00 00 00 00 00 00 00 00 00 00 00 00 47 00 34 ff 00 52 3b 00 00 06 00 00 00 00 00 00 00
A10000 4(位)
	00 00 00 00 00 00 00 00 00 00 00 00 00 00 00 00 00 00 00 00 00 00 00 00 00 00 00 00 00 00 00 00 00 00 00 00 00 00 00 00 47 00 34 ff 00 00 78 00 00 08 00 00 00 00 00 00 00 00 00
A10600 4(位)
	00 00 00 00 00 00 00 00 00 00 00 00 00 00 00 00 00 00 00 00 00 00 00 00 00 00 00 00 00 00 00 00 00 00 00 00 00 00 00 00 47 00 34 ff 00 80 79 00 00 08 00 00 00 00 00 00 00 00 00
A14000 3(位)
	00 00 00 00 00 00 00 00 00 00 00 00 00 00 00 00 00 00 00 00 00 00 00 00 00 00 00 00 00 00 00 00 00 00 00 00 00 00 00 00 47 00 34 ff 00 00 80 00 00 06 00 00 00 00 00 00 00
A40000 2(位)
	00 00 00 00 00 00 00 00 00 00 00 00 00 00 00 00 00 00 00 00 00 00 00 00 00 00 00 00 00 00 00 00 00 00 00 00 00 00 00 00 47 00 34 ff 00 00 a8 00 00 04 00 00 00 00 00
A54000 2(位)
	00 00 00 00 00 00 00 00 00 00 00 00 00 00 00 00 00 00 00 00 00 00 00 00 00 00 00 00 00 00 00 00 00 00 00 00 00 00 00 00 47 00 34 ff 00 00 c0 00 00 04 00 00 00 00 00
A54376 1(位)
	00 00 00 00 00 00 00 00 00 00 00 00 00 00 00 00 00 00 00 00 00 00 00 00 00 00 00 00 00 00 00 00 00 00 00 00 00 00 00 00 47 00 34 ff 00 fe c0 00 00 02 00 00 00



