



XGK 系列(UDP)



(0 - 8191)
T0 10
	4c 53 49 53 2d 58 47 54 00 00 00 00 00 33 01 00 10 00 00 00 54 00 14 00 00 00 01 00 04 00 25 54 42 30 14 00
	4c 53 49 53 2d 58 47 54 00 00 00 00 00 33 02 00 10 00 00 00 54 00 14 00 00 00 01 00 04 00 25 54 42 30 14 00
	4c 53 49 53 2d 58 47 54 00 00 00 00 00 33 03 00 10 00 00 00 54 00 14 00 00 00 01 00 04 00 25 54 42 30 14 00
	4c 53 49 53 2d 58 47 54 00 00 00 00 00 33 04 00 10 00 00 00 54 00 14 00 00 00 01 00 04 00 25 54 42 30 14 00
T0 100
	4c 53 49 53 2d 58 47 54 00 00 00 00 00 33 01 00 10 00 00 00 54 00 14 00 00 00 01 00 04 00 25 54 42 30 c8 00
T1000 10
	4c 53 49 53 2d 58 47 54 00 00 00 00 00 33 01 00 13 00 00 00 54 00 14 00 00 00 01 00 07 00 25 54 42 32 30 30 30 14 00
T7200 720
	4c 53 49 53 2d 58 47 54 00 00 00 00 00 33 01 00 14 00 00 00 54 00 14 00 00 00 01 00 08 00 25 54 42 31 34 34 30 30 78 05
T8100 10
	4c 53 49 53 2d 58 47 54 00 00 00 00 00 33 01 00 14 00 00 00 54 00 14 00 00 00 01 00 08 00 25 54 42 31 36 32 30 30 20 00



(0 - 4095)
C0 10
	4c 53 49 53 2d 58 47 54 00 00 00 00 00 33 01 00 10 00 00 00 54 00 14 00 00 00 01 00 04 00 25 43 42 30 14 00
C4000 90
	4c 53 49 53 2d 58 47 54 00 00 00 00 00 33 01 00 13 00 00 00 54 00 14 00 00 00 01 00 07 00 25 43 42 38 30 30 30 b4 00



(0 - 524287)
D0 10
	4c 53 49 53 2d 58 47 54 00 00 00 00 00 33 01 00 10 00 00 00 54 00 14 00 00 00 01 00 04 00 25 44 42 30 14 00
D524200 80
	4c 53 49 53 2d 58 47 54 00 00 00 00 00 33 01 00 16 00 00 00 54 00 14 00 00 00 01 00 0a 00 25 44 42 31 30 34 38 34 30 30 a0 00



(00.00 - 7F.31)
[Base No][Slot No.]:00 - 7F
[Device(Module Word No.)]:00 - 31
U0.0 10
	4c 53 49 53 2d 58 47 54 00 00 00 00 00 33 01 00 10 00 00 00 54 00 14 00 00 00 01 00 04 00 25 55 42 30 14 00
U0.14 16
	4c 53 49 53 2d 58 47 54 00 00 00 00 00 33 01 00 11 00 00 00 54 00 14 00 00 00 01 00 05 00 25 55 42 32 38 20 00
U14.0 16
	4c 53 49 53 2d 58 47 54 00 00 00 00 00 33 01 00 13 00 00 00 54 00 14 00 00 00 01 00 07 00 25 55 42 31 32 38 30 20 00
U7F.04 20
	4c 53 49 53 2d 58 47 54 00 00 00 00 00 33 01 00 13 00 00 00 54 00 14 00 00 00 01 00 07 00 25 55 42 38 31 33 36 28 00



(0 - 255)
Z0 10
	4c 53 49 53 2d 58 47 54 00 00 00 00 00 33 01 00 10 00 00 00 54 00 14 00 00 00 01 00 04 00 25 5a 42 30 14 00
Z240 16
	4c 53 49 53 2d 58 47 54 00 00 00 00 00 33 01 00 12 00 00 00 54 00 14 00 00 00 01 00 06 00 25 5a 42 34 38 30 20 00




(0 - 21503)
N0 10
	4c 53 49 53 2d 58 47 54 00 00 00 00 00 33 01 00 10 00 00 00 54 00 14 00 00 00 01 00 04 00 25 4e 42 30 14 00
N21480 16
	4c 53 49 53 2d 58 47 54 00 00 00 00 00 33 01 00 14 00 00 00 54 00 14 00 00 00 01 00 08 00 25 4e 42 34 32 39 36 30 20 00



(0 - 32767)
R0 10
	4c 53 49 53 2d 58 47 54 00 00 00 00 00 33 01 00 10 00 00 00 54 00 14 00 00 00 01 00 04 00 25 52 42 30 14 00
R32750 16
	4c 53 49 53 2d 58 47 54 00 00 00 00 00 33 01 00 14 00 00 00 54 00 14 00 00 00 01 00 08 00 25 52 42 36 35 35 30 30 20 00



(0 - 524287)
ZR0 10
	4c 53 49 53 2d 58 47 54 00 00 00 00 00 33 01 00 10 00 00 00 54 00 14 00 00 00 01 00 04 00 25 57 42 30 14 00
ZR524200 85
	4c 53 49 53 2d 58 47 54 00 00 00 00 00 33 01 00 16 00 00 00 54 00 14 00 00 00 01 00 0a 00 25 57 42 31 30 34 38 34 30 30 aa 00



(0 - 40950)(地址个位数只能为0)
P(位)0 10
	4c 53 49 53 2d 58 47 54 00 00 00 00 00 33 01 00 10 00 00 00 54 00 14 00 00 00 01 00 04 00 25 50 42 30 14 00
P(位)40000 96
	4c 53 49 53 2d 58 47 54 00 00 00 00 00 33 01 00 13 00 00 00 54 00 14 00 00 00 01 00 07 00 25 50 42 38 30 30 30 c0 00



(0 - 40950)(地址个位数只能为0)
M(位)0 10
	4c 53 49 53 2d 58 47 54 00 00 00 00 00 33 01 00 10 00 00 00 54 00 14 00 00 00 01 00 04 00 25 4d 42 30 14 00
M(位)40000 96
	4c 53 49 53 2d 58 47 54 00 00 00 00 00 33 01 00 13 00 00 00 54 00 14 00 00 00 01 00 07 00 25 4d 42 38 30 30 30 c0 00



(0 - 40950)(地址个位数只能为0)
K(位)0 10
	4c 53 49 53 2d 58 47 54 00 00 00 00 00 33 01 00 10 00 00 00 54 00 14 00 00 00 01 00 04 00 25 4b 42 30 14 00
K(位)40000 96
	4c 53 49 53 2d 58 47 54 00 00 00 00 00 33 01 00 13 00 00 00 54 00 14 00 00 00 01 00 07 00 25 4b 42 38 30 30 30 c0 00



(0 - 112630)(地址个位数只能为0)
L(位)0 10
	4c 53 49 53 2d 58 47 54 00 00 00 00 00 33 01 00 10 00 00 00 54 00 14 00 00 00 01 00 04 00 25 4c 42 30 14 00
L(位)112000 64
	4c 53 49 53 2d 58 47 54 00 00 00 00 00 33 01 00 14 00 00 00 54 00 14 00 00 00 01 00 08 00 25 4c 42 32 32 34 30 30 80 00



(0 - 40950)(地址个位数只能为0)
F(位)0 10
	4c 53 49 53 2d 58 47 54 00 00 00 00 00 33 01 00 10 00 00 00 54 00 14 00 00 00 01 00 04 00 25 46 42 30 14 00
F(位)40000 96
	4c 53 49 53 2d 58 47 54 00 00 00 00 00 33 01 00 13 00 00 00 54 00 14 00 00 00 01 00 07 00 25 46 42 38 30 30 30 c0 00


