



XGK 系列(TDP)



(0 - 8191)
T0 8
	4C 53 49 53 2D 58 47 54 00 00 00 00 00 33 01 00 10 00 00 00 54 00 14 00 00 00 01 00 04 00 25 54 42 30 10 00
T1111 111
	4C 53 49 53 2D 58 47 54 00 00 00 00 00 33 01 00 13 00 00 00 54 00 14 00 00 00 01 00 07 00 25 54 42 32 32 32 32 DE 00
T6666 666
	4C 53 49 53 2D 58 47 54 00 00 00 00 00 33 01 00 14 00 00 00 54 00 14 00 00 00 01 00 08 00 25 54 42 31 33 33 33 32 34 05
T8180 12
	4C 53 49 53 2D 58 47 54 00 00 00 00 00 33 01 00 14 00 00 00 54 00 14 00 00 00 01 00 08 00 25 54 42 31 36 33 36 30 18 00


(0 - 4095)
C0 32
	4C 53 49 53 2D 58 47 54 00 00 00 00 00 33 01 00 10 00 00 00 54 00 14 00 00 00 01 00 04 00 25 43 42 30 40 00
C3900 196
	4C 53 49 53 2D 58 47 54 00 00 00 00 00 33 01 00 13 00 00 00 54 00 14 00 00 00 01 00 07 00 25 43 42 37 38 30 30 88 01



(0 - 524287)
D0 63
	4C 53 49 53 2D 58 47 54 00 00 00 00 00 33 01 00 10 00 00 00 54 00 14 00 00 00 01 00 04 00 25 44 42 30 7E 00
D111111 111
	4C 53 49 53 2D 58 47 54 00 00 00 00 00 33 01 00 15 00 00 00 54 00 14 00 00 00 01 00 09 00 25 44 42 32 32 32 32 32 32 DE 00
D444444 444
	4C 53 49 53 2D 58 47 54 00 00 00 00 00 33 01 00 15 00 00 00 54 00 14 00 00 00 01 00 09 00 25 44 42 38 38 38 38 38 38 78 03
D516666 666
	4C 53 49 53 2D 58 47 54 00 00 00 00 00 33 01 00 16 00 00 00 54 00 14 00 00 00 01 00 0A 00 25 44 42 31 30 33 33 33 33 32 34 05



(0.00 - 7F.31)
[Base No][Slot No.]:00 - 7F
[Device(Module Word No.)]:00 - 31
U00.00 10
	4C 53 49 53 2D 58 47 54 00 00 00 00 00 33 01 00 10 00 00 00 54 00 14 00 00 00 01 00 04 00 25 55 42 30 14 00
U0.14 30
	4C 53 49 53 2D 58 47 54 00 00 00 00 00 33 01 00 11 00 00 00 54 00 14 00 00 00 01 00 05 00 25 55 42 32 38 3C 00
U3F.00 60
	4C 53 49 53 2D 58 47 54 00 00 00 00 00 33 01 00 13 00 00 00 54 00 14 00 00 00 01 00 07 00 25 55 42 34 30 33 32 78 00
U7F.04 28
	4C 53 49 53 2D 58 47 54 00 00 00 00 00 33 01 00 13 00 00 00 54 00 14 00 00 00 01 00 07 00 25 55 42 38 31 33 36 38 00



(0 - 255)
Z0 44
	4C 53 49 53 2D 58 47 54 00 00 00 00 00 33 01 00 10 00 00 00 54 00 14 00 00 00 01 00 04 00 25 5A 42 30 58 00
Z200 56
	4C 53 49 53 2D 58 47 54 00 00 00 00 00 33 01 00 12 00 00 00 54 00 14 00 00 00 01 00 06 00 25 5A 42 34 30 30 70 00



(0 - 21503)
N0 123
	4C 53 49 53 2D 58 47 54 00 00 00 00 00 33 01 00 10 00 00 00 54 00 14 00 00 00 01 00 04 00 25 4E 42 30 F6 00
N12345 333
	4C 53 49 53 2D 58 47 54 00 00 00 00 00 33 01 00 14 00 00 00 54 00 14 00 00 00 01 00 08 00 25 4E 42 32 34 36 39 30 9A 02



(0 - 32767)
R0 321
	4C 53 49 53 2D 58 47 54 00 00 00 00 00 33 01 00 10 00 00 00 54 00 14 00 00 00 01 00 04 00 25 52 42 30 82 02
R32048 720
	4C 53 49 53 2D 58 47 54 00 00 00 00 00 33 01 00 14 00 00 00 54 00 14 00 00 00 01 00 08 00 25 52 42 36 34 30 39 36 78 05



(0 - 524287)
ZR0 456
	4C 53 49 53 2D 58 47 54 00 00 00 00 00 33 01 00 10 00 00 00 54 00 14 00 00 00 01 00 04 00 25 57 42 30 90 03
ZR112233 567
	4C 53 49 53 2D 58 47 54 00 00 00 00 00 33 01 00 15 00 00 00 54 00 14 00 00 00 01 00 09 00 25 57 42 32 32 34 34 36 36 6E 04
ZR445566 234
	4C 53 49 53 2D 58 47 54 00 00 00 00 00 33 01 00 15 00 00 00 54 00 14 00 00 00 01 00 09 00 25 57 42 38 39 31 31 33 32 D4 01


(0 - 40950)(地址个位数只能为0)
P(位)0 291
	4C 53 49 53 2D 58 47 54 00 00 00 00 00 33 01 00 10 00 00 00 54 00 14 00 00 00 01 00 04 00 25 50 42 30 46 02
P(位)12910 594
	4C 53 49 53 2D 58 47 54 00 00 00 00 00 33 01 00 13 00 00 00 54 00 14 00 00 00 01 00 07 00 25 50 42 32 35 38 32 A4 04
P(位)29170 369
	4C 53 49 53 2D 58 47 54 00 00 00 00 00 33 01 00 13 00 00 00 54 00 14 00 00 00 01 00 07 00 25 50 42 35 38 33 34 E2 02
P(位)40800 16
	4C 53 49 53 2D 58 47 54 00 00 00 00 00 33 01 00 13 00 00 00 54 00 14 00 00 00 01 00 07 00 25 50 42 38 31 36 30 20 00



(0 - 40950)(地址个位数只能为0)
M(位)0 119
	4C 53 49 53 2D 58 47 54 00 00 00 00 00 33 01 00 10 00 00 00 54 00 14 00 00 00 01 00 04 00 25 4D 42 30 EE 00
M(位)23450 238
	4C 53 49 53 2D 58 47 54 00 00 00 00 00 33 01 00 13 00 00 00 54 00 14 00 00 00 01 00 07 00 25 4D 42 34 36 39 30 DC 01
M(位)40450 51
	4C 53 49 53 2D 58 47 54 00 00 00 00 00 33 01 00 13 00 00 00 54 00 14 00 00 00 01 00 07 00 25 4D 42 38 30 39 30 66 00


(0 - 40950)(地址个位数只能为0)
K(位)0 89
	4C 53 49 53 2D 58 47 54 00 00 00 00 00 33 01 00 10 00 00 00 54 00 14 00 00 00 01 00 04 00 25 4B 42 30 B2 00
K(位)32310 189
	4C 53 49 53 2D 58 47 54 00 00 00 00 00 33 01 00 13 00 00 00 54 00 14 00 00 00 01 00 07 00 25 4B 42 36 34 36 32 7A 01
K(位)40330 63
	4C 53 49 53 2D 58 47 54 00 00 00 00 00 33 01 00 13 00 00 00 54 00 14 00 00 00 01 00 07 00 25 4B 42 38 30 36 36 7E 00



(0 - 112630)(地址个位数只能为0)
L(位)0 628
	4C 53 49 53 2D 58 47 54 00 00 00 00 00 33 01 00 10 00 00 00 54 00 14 00 00 00 01 00 04 00 25 4C 42 30 E8 04
L(位)66660 311
	4C 53 49 53 2D 58 47 54 00 00 00 00 00 33 01 00 14 00 00 00 54 00 14 00 00 00 01 00 08 00 25 4C 42 31 33 33 33 32 6E 02
L(位)110000 264
	4C 53 49 53 2D 58 47 54 00 00 00 00 00 33 01 00 14 00 00 00 54 00 14 00 00 00 01 00 08 00 25 4C 42 32 32 30 30 30 10 02



(0 - 40950)(地址个位数只能为0)
F(位)0 527
	4C 53 49 53 2D 58 47 54 00 00 00 00 00 33 01 00 10 00 00 00 54 00 14 00 00 00 01 00 04 00 25 46 42 30 1E 04
F(位)40550 41
	4C 53 49 53 2D 58 47 54 00 00 00 00 00 33 01 00 13 00 00 00 54 00 14 00 00 00 01 00 07 00 25 46 42 38 31 31 30 52 00



