



XGI 系列(TCP)



(0 - 524287)
%AW0 12
	4C 53 49 53 2D 58 47 54 00 00 00 00 00 33 01 00 10 00 00 00 54 00 14 00 00 00 01 00 04 00 25 41 42 30 18 00
%AW327680 24
	4C 53 49 53 2D 58 47 54 00 00 00 00 00 33 01 00 15 00 00 00 54 00 14 00 00 00 01 00 09 00 25 41 42 36 35 35 33 36 30 30 00
%AW524200 88
	4C 53 49 53 2D 58 47 54 00 00 00 00 00 33 01 00 16 00 00 00 54 00 14 00 00 00 01 00 0A 00 25 41 42 31 30 34 38 34 30 30 B0 00



(0 - 262143)
%MW0 17
	4C 53 49 53 2D 58 47 54 00 00 00 00 00 33 01 00 10 00 00 00 54 00 14 00 00 00 01 00 04 00 25 4D 42 30 22 00
%MW199999 64
	4C 53 49 53 2D 58 47 54 00 00 00 00 00 33 01 00 15 00 00 00 54 00 14 00 00 00 01 00 09 00 25 4D 42 33 39 39 39 39 38 80 00
%MW262000 144
	4C 53 49 53 2D 58 47 54 00 00 00 00 00 33 01 00 15 00 00 00 54 00 14 00 00 00 01 00 09 00 25 4D 42 35 32 34 30 30 30 20 01



(000.00.0 - 127.15.3)
[Base No.]:0 - 127
[Slot No.]:0 - 15
[Device(Module Word No.)]:0 - 3
%QW0.0.0 9
	4C 53 49 53 2D 58 47 54 00 00 00 00 00 33 01 00 14 00 00 00 54 00 14 00 00 00 01 00 08 00 25 51 42 30 2E 30 2E 30 12 00
%QW0.14.0 60
	4C 53 49 53 2D 58 47 54 00 00 00 00 00 33 01 00 15 00 00 00 54 00 14 00 00 00 01 00 09 00 25 51 42 30 2E 31 34 2E 30 78 00
%QW116.12.3 128
	4C 53 49 53 2D 58 47 54 00 00 00 00 00 33 01 00 17 00 00 00 54 00 14 00 00 00 01 00 0B 00 25 51 42 31 31 36 2E 31 32 2E 36 00 01
%QW100.0.2 555
	4C 53 49 53 2D 58 47 54 00 00 00 00 00 33 01 00 16 00 00 00 54 00 14 00 00 00 01 00 0A 00 25 51 42 31 30 30 2E 30 2E 34 56 04
%QW127.0.1 59
	4C 53 49 53 2D 58 47 54 00 00 00 00 00 33 01 00 16 00 00 00 54 00 14 00 00 00 01 00 0A 00 25 51 42 31 32 37 2E 31 2E 32 76 00



(000.00.0 - 127.15.3)
[Base No.]:0 - 127
[Slot No.]:0 - 15
[Device(Module Word No.)]:0 - 3
%IW0.0.0 666
	4C 53 49 53 2D 58 47 54 00 00 00 00 00 33 01 00 14 00 00 00 54 00 14 00 00 00 01 00 08 00 25 49 42 30 2E 30 2E 30 34 05
%IW66.6.3 333
	4C 53 49 53 2D 58 47 54 00 00 00 00 00 33 01 00 15 00 00 00 54 00 14 00 00 00 01 00 09 00 25 49 42 36 36 2E 36 2E 36 9A 02
%IW125.1.2 186
	4C 53 49 53 2D 58 47 54 00 00 00 00 00 33 01 00 16 00 00 00 54 00 14 00 00 00 01 00 0A 00 25 49 42 31 32 35 2E 31 2E 34 74 01
	


(0 - 32767)
%RW0 456
	4C 53 49 53 2D 58 47 54 00 00 00 00 00 33 01 00 10 00 00 00 54 00 14 00 00 00 01 00 04 00 25 52 42 30 90 03
%RW10248 133
	4C 53 49 53 2D 58 47 54 00 00 00 00 00 33 01 00 14 00 00 00 54 00 14 00 00 00 01 00 08 00 25 52 42 32 30 34 39 36 0A 01
%RW32525 243
	4C 53 49 53 2D 58 47 54 00 00 00 00 00 33 01 00 14 00 00 00 54 00 14 00 00 00 01 00 08 00 25 52 42 36 35 30 35 30 E6 01



(0 - 524287)
%WW0 567
	4C 53 49 53 2D 58 47 54 00 00 00 00 00 33 01 00 10 00 00 00 54 00 14 00 00 00 01 00 04 00 25 57 42 30 6E 04
%WW33333 333
	4C 53 49 53 2D 58 47 54 00 00 00 00 00 33 01 00 15 00 00 00 54 00 14 00 00 00 01 00 09 00 25 57 42 36 36 36 36 36 36 9A 02
%WW524000 288
	4C 53 49 53 2D 58 47 54 00 00 00 00 00 33 01 00 16 00 00 00 54 00 14 00 00 00 01 00 0A 00 25 57 42 31 30 34 38 30 30 30 40 02



(0 - 4095)
%FW0 511
	4C 53 49 53 2D 58 47 54 00 00 00 00 00 33 01 00 10 00 00 00 54 00 14 00 00 00 01 00 04 00 25 46 42 30 FE 03
%FW1999 127
	4C 53 49 53 2D 58 47 54 00 00 00 00 00 33 01 00 13 00 00 00 54 00 14 00 00 00 01 00 07 00 25 46 42 33 39 39 38 FE 00
%FW4000 96
	4C 53 49 53 2D 58 47 54 00 00 00 00 00 33 01 00 13 00 00 00 54 00 14 00 00 00 01 00 07 00 25 46 42 38 30 30 30 C0 00



(0 - 8399)
%KW0 166
	4C 53 49 53 2D 58 47 54 00 00 00 00 00 33 01 00 10 00 00 00 54 00 14 00 00 00 01 00 04 00 25 4B 42 30 4C 01
%KW3987 245
	4C 53 49 53 2D 58 47 54 00 00 00 00 00 33 01 00 13 00 00 00 54 00 14 00 00 00 01 00 07 00 25 4B 42 37 39 37 34 EA 01
%KW8000 400
	4C 53 49 53 2D 58 47 54 00 00 00 00 00 33 01 00 14 00 00 00 54 00 14 00 00 00 01 00 08 00 25 4B 42 31 36 30 30 30 20 03



(0 - 11263)
%LW0 112
	4C 53 49 53 2D 58 47 54 00 00 00 00 00 33 01 00 10 00 00 00 54 00 14 00 00 00 01 00 04 00 25 4C 42 30 E0 00
%LW9999 135
	4C 53 49 53 2D 58 47 54 00 00 00 00 00 33 01 00 14 00 00 00 54 00 14 00 00 00 01 00 08 00 25 4C 42 31 39 39 39 38 0E 01
%LW11200 64
	4C 53 49 53 2D 58 47 54 00 00 00 00 00 33 01 00 14 00 00 00 54 00 14 00 00 00 01 00 08 00 25 4C 42 32 32 34 30 30 80 00



(0.00.00 - 7.15.31)
[Base No.]:0 - 7
[Slot No.]:0 - 15
[Device(Module Word No.)]:0 - 31
%UW0.0.0 139
	4C 53 49 53 2D 58 47 54 00 00 00 00 00 33 01 00 10 00 00 00 54 00 14 00 00 00 01 00 04 00 25 55 42 30 16 01
%UW0.0.16 48
	4C 53 49 53 2D 58 47 54 00 00 00 00 00 33 01 00 11 00 00 00 54 00 14 00 00 00 01 00 05 00 25 55 42 33 32 60 00
%UW0.7.25 96
	4C 53 49 53 2D 58 47 54 00 00 00 00 00 33 01 00 12 00 00 00 54 00 14 00 00 00 01 00 06 00 25 55 42 34 39 38 C0 00
%UW3.9.3 339
	4C 53 49 53 2D 58 47 54 00 00 00 00 00 33 01 00 13 00 00 00 54 00 14 00 00 00 01 00 07 00 25 55 42 33 36 35 34 A6 02
%UW7.0.0 512
	4C 53 49 53 2D 58 47 54 00 00 00 00 00 33 01 00 13 00 00 00 54 00 14 00 00 00 01 00 07 00 25 55 42 37 31 36 38 00 04



(0 - 8388592)(地址每次递增16)
%AX(位)0 315
	4C 53 49 53 2D 58 47 54 00 00 00 00 00 33 01 00 10 00 00 00 54 00 14 00 00 00 01 00 04 00 25 41 42 30 76 02
%AX(位)3999984 231
	4C 53 49 53 2D 58 47 54 00 00 00 00 00 33 01 00 15 00 00 00 54 00 14 00 00 00 01 00 09 00 25 41 42 34 39 39 39 39 38 CE 01
%AX(位)8388000 38
	4C 53 49 53 2D 58 47 54 00 00 00 00 00 33 01 00 16 00 00 00 54 00 14 00 00 00 01 00 0A 00 25 41 42 31 30 34 38 35 30 30 4C 00



(0 - 4194288)(地址每次递增16)
%MX(位)0 338
	4C 53 49 53 2D 58 47 54 00 00 00 00 00 33 01 00 10 00 00 00 54 00 14 00 00 00 01 00 04 00 25 4D 42 30 A4 02
%MX(位)2222208 123
	4C 53 49 53 2D 58 47 54 00 00 00 00 00 33 01 00 15 00 00 00 54 00 14 00 00 00 01 00 09 00 25 4D 42 32 37 37 37 37 36 F6 00
%MX(位)4194000 19
	4C 53 49 53 2D 58 47 54 00 00 00 00 00 33 01 00 15 00 00 00 54 00 14 00 00 00 01 00 09 00 25 4D 42 35 32 34 32 35 30 26 00



(000.00.00 - 127.15.48)
[Base No.]:0 - 127
[Slot No.]:0 - 15
[Device(Module Word No.)]:0 - 48(地址每次递增16)
%QX(位)0.0.0 125
	4C 53 49 53 2D 58 47 54 00 00 00 00 00 33 01 00 14 00 00 00 54 00 14 00 00 00 01 00 08 00 25 51 42 30 2E 30 2E 30 FA 00
%QX(位)0.0.16 45
	4C 53 49 53 2D 58 47 54 00 00 00 00 00 33 01 00 14 00 00 00 54 00 14 00 00 00 01 00 08 00 25 51 42 30 2E 30 2E 32 5A 00
%QX(位)0.8.32 225
	4C 53 49 53 2D 58 47 54 00 00 00 00 00 33 01 00 14 00 00 00 54 00 14 00 00 00 01 00 08 00 25 51 42 30 2E 38 2E 34 5A 00
%QX(位)127.0.0 64
	4C 53 49 53 2D 58 47 54 00 00 00 00 00 33 01 00 16 00 00 00 54 00 14 00 00 00 01 00 0A 00 25 51 42 31 32 37 2E 30 2E 30 80 00



(000.00.00 - 127.15.48)
[Base No.]:0 - 127
[Slot No.]:0 - 15
[Device(Module Word No.)]:0 - 48(地址每次递增16)
%IX(位)0.0.0 256
	4C 53 49 53 2D 58 47 54 00 00 00 00 00 33 01 00 14 00 00 00 54 00 14 00 00 00 01 00 08 00 25 49 42 30 2E 30 2E 30 00 02
%IX(位)15.0.48 32
	4C 53 49 53 2D 58 47 54 00 00 00 00 00 33 01 00 15 00 00 00 54 00 14 00 00 00 01 00 09 00 25 49 42 31 35 2E 30 2E 36 40 00
%IX(位)120.15.0 452
	4C 53 49 53 2D 58 47 54 00 00 00 00 00 33 01 00 17 00 00 00 54 00 14 00 00 00 01 00 0B 00 25 49 42 31 32 30 2E 31 35 2E 30 88 03

	

(0 - 524272)(地址每次递增16)
%RX(位)0 100
	4C 53 49 53 2D 58 47 54 00 00 00 00 00 33 01 00 10 00 00 00 54 00 14 00 00 00 01 00 04 00 25 52 42 30 C8 00
%RX(位)16320 555
	4C 53 49 53 2D 58 47 54 00 00 00 00 00 33 01 00 13 00 00 00 54 00 14 00 00 00 01 00 07 00 25 52 42 32 30 34 30 56 04
%RX(位)524000 18
	4C 53 49 53 2D 58 47 54 00 00 00 00 00 33 01 00 14 00 00 00 54 00 14 00 00 00 01 00 08 00 25 52 42 36 35 35 30 30 24 00



(0 - 8388592)(地址每次递增16)
%WX(位)0 566
	4C 53 49 53 2D 58 47 54 00 00 00 00 00 33 01 00 10 00 00 00 54 00 14 00 00 00 01 00 04 00 25 57 42 30 6C 04
%WX(位)888880 99
	4C 53 49 53 2D 58 47 54 00 00 00 00 00 33 01 00 15 00 00 00 54 00 14 00 00 00 01 00 09 00 25 57 42 31 31 31 31 31 30 C6 00
%WX(位)8384000 288
	4C 53 49 53 2D 58 47 54 00 00 00 00 00 33 01 00 16 00 00 00 54 00 14 00 00 00 01 00 0A 00 25 57 42 31 30 34 38 30 30 30 40 02



(0 - 65520)(地址每次递增16)
%FX(位)0 216
	4C 53 49 53 2D 58 47 54 00 00 00 00 00 33 01 00 10 00 00 00 54 00 14 00 00 00 01 00 04 00 25 46 42 30 B0 01
%FX(位)19744 55
	4C 53 49 53 2D 58 47 54 00 00 00 00 00 33 01 00 13 00 00 00 54 00 14 00 00 00 01 00 07 00 25 46 42 32 34 36 38 6E 00
%FX(位)64000 96
	4C 53 49 53 2D 58 47 54 00 00 00 00 00 33 01 00 13 00 00 00 54 00 14 00 00 00 01 00 07 00 25 46 42 38 30 30 30 C0 00



(0 - 134384)(地址每次递增16)
%KX(位)0 134
	4C 53 49 53 2D 58 47 54 00 00 00 00 00 33 01 00 10 00 00 00 54 00 14 00 00 00 01 00 04 00 25 4B 42 30 0C 01
%KX(位)54144 265
	4C 53 49 53 2D 58 47 54 00 00 00 00 00 33 01 00 13 00 00 00 54 00 14 00 00 00 01 00 07 00 25 4B 42 36 37 36 38 12 02
%KX(位)128000 400
	4C 53 49 53 2D 58 47 54 00 00 00 00 00 33 01 00 14 00 00 00 54 00 14 00 00 00 01 00 08 00 25 4B 42 31 36 30 30 30 20 03



(0 - 180208)(地址每次递增16)
%LX(位)0 208
	4C 53 49 53 2D 58 47 54 00 00 00 00 00 33 01 00 10 00 00 00 54 00 14 00 00 00 01 00 04 00 25 4C 42 30 A0 01
%LX(位)89968 28
	4C 53 49 53 2D 58 47 54 00 00 00 00 00 33 01 00 14 00 00 00 54 00 14 00 00 00 01 00 08 00 25 4C 42 31 31 32 34 36 38 00
%LX(位)176000 264
	4C 53 49 53 2D 58 47 54 00 00 00 00 00 33 01 00 14 00 00 00 54 00 14 00 00 00 01 00 08 00 25 4C 42 32 32 30 30 30 10 02



(0.00.000 - 7.15.496)
[Base No.]:0 - 7
[Slot No.]:0 - 15
[Device(Channel contact No.)]:0 - 496(地址每次递增16)
%UX(位)0.0.0 17
	4C 53 49 53 2D 58 47 54 00 00 00 00 00 33 01 00 10 00 00 00 54 00 14 00 00 00 01 00 04 00 25 55 42 30 22 00
%UX(位)0.0.160 34
	4C 53 49 53 2D 58 47 54 00 00 00 00 00 33 01 00 11 00 00 00 54 00 14 00 00 00 01 00 05 00 25 55 42 32 30 44 00
%UX(位)0.8.96 66
	4C 53 49 53 2D 58 47 54 00 00 00 00 00 33 01 00 12 00 00 00 54 00 14 00 00 00 01 00 06 00 25 55 42 35 32 34 84 00
%UX(位)3.15.0 20
	4C 53 49 53 2D 58 47 54 00 00 00 00 00 33 01 00 13 00 00 00 54 00 14 00 00 00 01 00 07 00 25 55 42 34 30 33 32 28 00
%UX(位)7.0.112 505
	4C 53 49 53 2D 58 47 54 00 00 00 00 00 33 01 00 13 00 00 00 54 00 14 00 00 00 01 00 07 00 25 55 42 37 31 38 32 F2 03







