



XGI 系列(UDP)



(0 - 524287)
%AW0 10
	4c 53 49 53 2d 58 47 54 00 00 00 00 00 33 01 00 10 00 00 00 54 00 14 00 00 00 01 00 04 00 25 41 42 30 14 00
	4c 53 49 53 2d 58 47 54 00 00 00 00 00 33 02 00 10 00 00 00 54 00 14 00 00 00 01 00 04 00 25 41 42 30 14 00
	4c 53 49 53 2d 58 47 54 00 00 00 00 00 33 03 00 10 00 00 00 54 00 14 00 00 00 01 00 04 00 25 41 42 30 14 00
	4c 53 49 53 2d 58 47 54 00 00 00 00 00 33 04 00 10 00 00 00 54 00 14 00 00 00 01 00 04 00 25 41 42 30 14 00
%AW524200 16
	4c 53 49 53 2d 58 47 54 00 00 00 00 00 33 01 00 16 00 00 00 54 00 14 00 00 00 01 00 0a 00 25 41 42 31 30 34 38 34 30 30 20 00



(0 - 262143)
%MW0 10
	4c 53 49 53 2d 58 47 54 00 00 00 00 00 33 01 00 10 00 00 00 54 00 14 00 00 00 01 00 04 00 25 4d 42 30 14 00
%MW262100 16
	4c 53 49 53 2d 58 47 54 00 00 00 00 00 33 01 00 15 00 00 00 54 00 14 00 00 00 01 00 09 00 25 4d 42 35 32 34 32 30 30 20 00



(000.00.0 - 127.15.3)
[Base No.]:0 - 127
[Slot No.]:0 - 15
[Device(Module Word No.)]:0 - 3
%QW0.0.0 10
	4c 53 49 53 2d 58 47 54 00 00 00 00 00 33 01 00 14 00 00 00 54 00 14 00 00 00 01 00 08 00 25 51 42 30 2e 30 2e 30 14 00
%QW0.15.0 32
	4c 53 49 53 2d 58 47 54 00 00 00 00 00 33 01 00 15 00 00 00 54 00 14 00 00 00 01 00 09 00 25 51 42 30 2e 31 35 2e 30 40 00
%QW16.10.2 16
	4c 53 49 53 2d 58 47 54 00 00 00 00 00 33 01 00 16 00 00 00 54 00 14 00 00 00 01 00 0a 00 25 51 42 31 36 2e 31 30 2e 34 20 00
%QW100.8.3 16
	4c 53 49 53 2d 58 47 54 00 00 00 00 00 33 01 00 16 00 00 00 54 00 14 00 00 00 01 00 0a 00 25 51 42 31 30 30 2e 38 2e 36 20 00
%QW127.0.1 32
	4c 53 49 53 2d 58 47 54 00 00 00 00 00 33 01 00 16 00 00 00 54 00 14 00 00 00 01 00 0a 00 25 51 42 31 32 37 2e 30 2e 32 40 00



(000.00.0 - 127.15.3)
[Base No.]:0 - 127
[Slot No.]:0 - 15
[Device(Module Word No.)]:0 - 3
%IW0.0.0 10
	4c 53 49 53 2d 58 47 54 00 00 00 00 00 33 01 00 14 00 00 00 54 00 14 00 00 00 01 00 08 00 25 49 42 30 2e 30 2e 30 14 00
%IW10.10.0 511
	4c 53 49 53 2d 58 47 54 00 00 00 00 00 33 01 00 16 00 00 00 54 00 14 00 00 00 01 00 0a 00 25 49 42 31 30 2e 31 30 2e 30 fe 03



(0 - 32767)
%RW0 10
	4c 53 49 53 2d 58 47 54 00 00 00 00 00 33 01 00 10 00 00 00 54 00 14 00 00 00 01 00 04 00 25 52 42 30 14 00
%RW32760 8
	4c 53 49 53 2d 58 47 54 00 00 00 00 00 33 01 00 14 00 00 00 54 00 14 00 00 00 01 00 08 00 25 52 42 36 35 35 32 30 10 00



(0 - 524287)
%WW0 10
	4c 53 49 53 2d 58 47 54 00 00 00 00 00 33 01 00 10 00 00 00 54 00 14 00 00 00 01 00 04 00 25 57 42 30 14 00
%WW524200 88
	4c 53 49 53 2d 58 47 54 00 00 00 00 00 33 01 00 16 00 00 00 54 00 14 00 00 00 01 00 0a 00 25 57 42 31 30 34 38 34 30 30 b0 00



(0 - 4095)
%FW0 10
	4c 53 49 53 2d 58 47 54 00 00 00 00 00 33 01 00 10 00 00 00 54 00 14 00 00 00 01 00 04 00 25 46 42 30 14 00
%FW4000 96
	4c 53 49 53 2d 58 47 54 00 00 00 00 00 33 01 00 13 00 00 00 54 00 14 00 00 00 01 00 07 00 25 46 42 38 30 30 30 c0 00



(0 - 8399)
%KW0 10
	4c 53 49 53 2d 58 47 54 00 00 00 00 00 33 01 00 10 00 00 00 54 00 14 00 00 00 01 00 04 00 25 4b 42 30 14 00
%KW8300 100
	4c 53 49 53 2d 58 47 54 00 00 00 00 00 33 01 00 14 00 00 00 54 00 14 00 00 00 01 00 08 00 25 4b 42 31 36 36 30 30 c8 00



(0 - 11263)
%LW0 10
	4c 53 49 53 2d 58 47 54 00 00 00 00 00 33 01 00 10 00 00 00 54 00 14 00 00 00 01 00 04 00 25 4c 42 30 14 00
%LW11200 64
	4c 53 49 53 2d 58 47 54 00 00 00 00 00 33 01 00 14 00 00 00 54 00 14 00 00 00 01 00 08 00 25 4c 42 32 32 34 30 30 80 00



(0.00.00 - 7.15.31)
[Base No.]:0 - 7
[Slot No.]:0 - 15
[Device(Module Word No.)]:0 - 31
%UW0.0.0 10
	4c 53 49 53 2d 58 47 54 00 00 00 00 00 33 01 00 10 00 00 00 54 00 14 00 00 00 01 00 04 00 25 55 42 30 14 00
%UW0.0.15 16
	4c 53 49 53 2d 58 47 54 00 00 00 00 00 33 01 00 11 00 00 00 54 00 14 00 00 00 01 00 05 00 25 55 42 33 30 20 00
%UW0.15.0 16
	4c 53 49 53 2d 58 47 54 00 00 00 00 00 33 01 00 12 00 00 00 54 00 14 00 00 00 01 00 06 00 25 55 42 39 36 30 20 00
%UW7.0.0 63
	4c 53 49 53 2d 58 47 54 00 00 00 00 00 33 01 00 13 00 00 00 54 00 14 00 00 00 01 00 07 00 25 55 42 37 31 36 38 7e 00
%UW7.15.0 32
	4c 53 49 53 2d 58 47 54 00 00 00 00 00 33 01 00 13 00 00 00 54 00 14 00 00 00 01 00 07 00 25 55 42 38 31 32 38 40 00



(0 - 8388592)(地址每次递增16)
%AX(位)0 10
	4c 53 49 53 2d 58 47 54 00 00 00 00 00 33 01 00 10 00 00 00 54 00 14 00 00 00 01 00 04 00 25 41 42 30 14 00
%AX(位)8388480 8
	4c 53 49 53 2d 58 47 54 00 00 00 00 00 33 01 00 16 00 00 00 54 00 14 00 00 00 01 00 0a 00 25 41 42 31 30 34 38 35 36 30 10 00



(0 - 4194288)(地址每次递增16)
%MX(位)0 16
	4c 53 49 53 2d 58 47 54 00 00 00 00 00 33 01 00 10 00 00 00 54 00 14 00 00 00 01 00 04 00 25 4d 42 30 20 00
%MX(位)4194000 19
	4c 53 49 53 2d 58 47 54 00 00 00 00 00 33 01 00 15 00 00 00 54 00 14 00 00 00 01 00 09 00 25 4d 42 35 32 34 32 35 30 26 00



(000.00.00 - 127.15.48)
[Base No.]:0 - 127
[Slot No.]:0 - 15
[Device(Module Word No.)]:0 - 48(地址每次递增16)
%QX(位)0.0.0 8
	4c 53 49 53 2d 58 47 54 00 00 00 00 00 33 01 00 14 00 00 00 54 00 14 00 00 00 01 00 08 00 25 51 42 30 2e 30 2e 30 10 00
%QX(位)0.0.16 48
	4c 53 49 53 2d 58 47 54 00 00 00 00 00 33 01 00 14 00 00 00 54 00 14 00 00 00 01 00 08 00 25 51 42 30 2e 30 2e 32 60 00
%QX(位)0.15.32 64
	4c 53 49 53 2d 58 47 54 00 00 00 00 00 33 01 00 15 00 00 00 54 00 14 00 00 00 01 00 09 00 25 51 42 30 2e 31 35 2e 34 80 00
%QX(位)127.0.48 61
	4c 53 49 53 2d 58 47 54 00 00 00 00 00 33 01 00 16 00 00 00 54 00 14 00 00 00 01 00 0a 00 25 51 42 31 32 37 2e 30 2e 36 7a 00



(000.00.00 - 127.15.48)
[Base No.]:0 - 127
[Slot No.]:0 - 15
[Device(Module Word No.)]:0 - 48(地址每次递增16)
%IX(位)0.0.0 10
	4c 53 49 53 2d 58 47 54 00 00 00 00 00 33 01 00 14 00 00 00 54 00 14 00 00 00 01 00 08 00 25 49 42 30 2e 30 2e 30 14 00
%IX(位)0.0.48 29
	4c 53 49 53 2d 58 47 54 00 00 00 00 00 33 01 00 14 00 00 00 54 00 14 00 00 00 01 00 08 00 25 49 42 30 2e 30 2e 36 3a 00
%IX(位)0.7.0 511
	4c 53 49 53 2d 58 47 54 00 00 00 00 00 33 01 00 14 00 00 00 54 00 14 00 00 00 01 00 08 00 25 49 42 30 2e 37 2e 30 fe 03
%IX(位)127.0.0 64
	4c 53 49 53 2d 58 47 54 00 00 00 00 00 33 01 00 16 00 00 00 54 00 14 00 00 00 01 00 0a 00 25 49 42 31 32 37 2e 30 2e 30 80 00



(0 - 524272)(地址每次递增16)
%RX(位)0 10
	4c 53 49 53 2d 58 47 54 00 00 00 00 00 33 01 00 10 00 00 00 54 00 14 00 00 00 01 00 04 00 25 52 42 30 14 00
%RX(位)524208 5
	4c 53 49 53 2d 58 47 54 00 00 00 00 00 33 01 00 14 00 00 00 54 00 14 00 00 00 01 00 08 00 25 52 42 36 35 35 32 36 0a 00



(0 - 8388592)(地址每次递增16)
%WX(位)0 16
	4c 53 49 53 2d 58 47 54 00 00 00 00 00 33 01 00 10 00 00 00 54 00 14 00 00 00 01 00 04 00 25 57 42 30 20 00
%WX(位)8388448 10
	4c 53 49 53 2d 58 47 54 00 00 00 00 00 33 01 00 16 00 00 00 54 00 14 00 00 00 01 00 0a 00 25 57 42 31 30 34 38 35 35 36 14 00



(0 - 65520)(地址每次递增16)
%FX(位)0 14
	4c 53 49 53 2d 58 47 54 00 00 00 00 00 33 01 00 10 00 00 00 54 00 14 00 00 00 01 00 04 00 25 46 42 30 1c 00
%FX(位)65440 6
	4c 53 49 53 2d 58 47 54 00 00 00 00 00 33 01 00 13 00 00 00 54 00 14 00 00 00 01 00 07 00 25 46 42 38 31 38 30 0c 00



(0 - 134384)(地址每次递增16)
%KX(位)0 31
	4c 53 49 53 2d 58 47 54 00 00 00 00 00 33 01 00 10 00 00 00 54 00 14 00 00 00 01 00 04 00 25 4b 42 30 3e 00
%KX(位)134080 20
	4c 53 49 53 2d 58 47 54 00 00 00 00 00 33 01 00 14 00 00 00 54 00 14 00 00 00 01 00 08 00 25 4b 42 31 36 37 36 30 28 00



(0 - 180208)(地址每次递增16)
%LX(位)0 7
	4c 53 49 53 2d 58 47 54 00 00 00 00 00 33 01 00 10 00 00 00 54 00 14 00 00 00 01 00 04 00 25 4c 42 30 0e 00
%LX(位)180000 14
	4c 53 49 53 2d 58 47 54 00 00 00 00 00 33 01 00 14 00 00 00 54 00 14 00 00 00 01 00 08 00 25 4c 42 32 32 35 30 30 1c 00



(0.00.000 - 7.15.496)
[Base No.]:0 - 7
[Slot No.]:0 - 15
[Device(Channel contact No.)]:0 - 496(地址每次递增16)
%UX(位)0.0.160 10
	4c 53 49 53 2d 58 47 54 00 00 00 00 00 33 01 00 11 00 00 00 54 00 14 00 00 00 01 00 05 00 25 55 42 32 30 14 00
%UX(位)0.7.0 480
	4c 53 49 53 2d 58 47 54 00 00 00 00 00 33 01 00 12 00 00 00 54 00 14 00 00 00 01 00 06 00 25 55 42 34 34 38 c0 03
%UX(位)7.0.0 512
	4c 53 49 53 2d 58 47 54 00 00 00 00 00 33 01 00 13 00 00 00 54 00 14 00 00 00 01 00 07 00 25 55 42 37 31 36 38 00 04



