

(报文有报错)(报文结尾带有 00 00 00 00)
([Malformed Packet: ASTERIX])


V 系列(UDP)



(0 - 8191)
D0 10
	02 00 00 05 00 37 00 0a 0f 00 00 00 03 34
D0 512
	02 00 00 05 00 1f 00 f8 0f 00 00 00 03 ee
D400 128
	02 00 00 05 00 1f 00 80 0f 00 90 01 03 07
D1000 16
	02 00 00 05 00 37 00 10 0f 00 e8 03 03 c5
D3200 64
	02 00 00 05 00 1f 00 40 0f 00 80 0c 03 da
D6000 32
	02 00 00 05 00 37 00 20 0f 00 70 17 03 79
D4800 48
	02 00 00 05 00 1f 00 30 0f 00 c0 12 03 f4
D8100 92
	02 00 00 05 00 1f 00 5c 0f 00 a4 1f 03 f1



(0 - 2047)
W0 16
	02 00 00 05 00 37 00 10 09 00 00 00 03 28
W1000 32
	02 00 00 05 00 37 00 20 09 00 e8 03 03 f3
W2000 48
	02 00 00 05 00 1f 00 30 09 00 d0 07 03 f7



(0 - 999)
T0 32
	02 00 00 05 00 37 00 20 0d 00 00 00 03 1c
T400 16
	02 00 00 05 00 37 00 10 0d 00 90 01 03 bd
T900 100
	02 00 00 05 00 1f 00 64 0d 00 84 03 03 f7



(000 - 511)
C0 48
	02 00 00 05 00 1f 00 30 0e 00 00 00 03 27
C500 12
	02 00 00 05 00 37 00 0c 0e 00 f4 01 03 c6



(00000 - 32767)
F0 64
	02 00 00 05 00 1f 00 40 10 00 00 00 03 49
F20480 33
	02 00 00 05 00 1f 00 21 10 00 00 50 03 78
F32750 18
	02 00 00 05 00 37 00 12 10 00 ee 7f 03 a2



I 0 (Index Rigister)
	02 00 00 05 00 37 00 01 19 00 00 00 03 29



J 0 (Index Rigister)
	02 00 00 05 00 37 00 01 1a 00 00 00 03 2a



K 0 (Index Rigister)
	02 00 00 05 00 37 00 01 1b 00 00 00 03 2b



(0 - 8191)
XW(位)0 10
	02 00 00 05 00 37 00 0a 07 00 00 00 03 3c
XW(位)511 32
	02 00 00 05 00 37 00 20 07 00 ff 01 03 e8
XW(位)2047 33
	02 00 00 05 00 1f 00 21 07 00 ff 07 03 c7
XW(位)8000 192
	02 00 00 05 00 1f 00 c0 07 00 40 1f 03 81



(0 - 8191)
YW(位)0 16
	02 00 00 05 00 37 00 10 08 00 00 00 03 29
YW(位)7700 492
	02 00 00 05 00 1f 00 f8 08 00 14 1e 03 e3



(0 - 4095)
RW(位)0 10
	02 00 00 05 00 37 00 0a 0b 00 00 00 03 30
RW(位)4000 96
	02 00 00 05 00 1f 00 60 0b 00 a0 0f 03 dd



(000 - 511)
SW(位)0 8
	02 00 00 05 00 37 00 08 0c 00 00 00 03 35
SW(位)450 62
	02 00 00 05 00 1f 00 3e 0c 00 c2 01 03 e8



(000 - 255)
LW(位)0 32
	02 00 00 05 00 37 00 20 0a 00 00 00 03 1b
LW(位)200 56
	02 00 00 05 00 1f 00 38 0a 00 c8 00 03 e3




