

(报文有报错)(报文结尾带有 00 00 00 00)
([Malformed Packet: ASTERIX])


(最多248个)

nv 系列(UDP)



(0 - 8191)
D0 10
	02 00 00 05 00 37 00 0a 0f 00 00 00 03 34
D1000 32
	02 00 00 05 00 37 00 20 0f 00 e8 03 03 f5
D8159 33
	02 00 00 05 00 1f 00 21 0f 00 df 1f 03 f7



(00000 - 32767)
F0 16
	02 00 00 05 00 37 00 10 10 00 00 00 03 31
F32700 68
	02 00 00 05 00 1f 00 44 10 00 bc 7f 03 8e



(地址每隔32768一变)(65536之后最多只能读取32个)
(000000 - 262143)
UG0 32
	02 00 00 05 00 37 00 20 28 00 00 00 03 39
UG1000 128
	02 00 00 05 00 1f 00 80 28 00 e8 03 03 5a
UG5000 256
	02 00 00 05 00 1f 00 f8 28 00 88 13 03 52
UG10000 512
	02 00 00 05 00 1f 00 f8 28 00 10 27 03 fe
UG32768 200
	02 00 00 05 00 1f 00 c8 29 00 00 00 03 f8
UG40000 200
	02 00 00 05 00 1f 00 c8 29 00 40 1c 03 a4
UG60000 64
	02 00 00 05 00 1f 00 40 29 00 60 6a 03 7a
UG65500 36
	02 00 00 05 00 1f 00 24 29 00 dc 7f 03 b7
UG65536 31
	02 00 00 05 00 37 00 1f 2a 00 00 00 03 04
UG65536 33
	02 00 00 05 00 37 00 20 2a 00 00 00 03 3b
UG80000 160
	02 00 00 05 00 37 00 20 2a 00 80 38 03 83
UG100000 64
	02 00 00 05 00 37 00 20 2b 00 a0 06 03 9c
UG262100 44
	02 00 00 05 00 37 00 20 2f 00 d4 7f 03 95



(00000 - 16383)
XW(位)0 10
	02 00 00 05 00 37 00 0a 07 00 00 00 03 3c
XW(位)1000 33
	02 00 00 05 00 1f 00 21 07 00 e8 03 03 d4
XW(位)16000 384
	02 00 00 05 00 1f 00 f8 07 00 80 3e 03 58



(0 - 16383)
YW(位)0 247
	02 00 00 05 00 1f 00 f7 08 00 00 00 03 e6
XW(位)16360 24
	02 00 00 05 00 37 00 18 08 00 e8 3f 03 f6



(0 - 8191)
RW(位)0 32
	02 00 00 05 00 37 00 20 0b 00 00 00 03 1a
RW(位)8100 92
	02 00 00 05 00 1f 00 5c 0b 00 a4 1f 03 f5



(0 - 16383)
IW(位)0 64
	02 00 00 05 00 1f 00 40 13 00 00 00 03 4a
IW(位)16380 4
	02 00 00 05 00 37 00 04 13 00 fc 3f 03 e5



(0 - 16383)
QW(位)0 33
	02 00 00 05 00 1f 00 21 14 00 00 00 03 2c
QW(位)16353 31
	02 00 00 05 00 37 00 1f 14 00 e1 3f 03 e4



(000 - 1023)
SW(位)0 248
	02 00 00 05 00 1f 00 f8 0c 00 00 00 03 ed
SW(位)1000 24
	02 00 00 05 00 37 00 18 0c 00 e8 03 03 ce




