



（最多读取64个）
FA-M3系列UDP



(100001 - 165535,200001 - 265535,300001 - 365535,400001 - 465535)
D100001 10
	30 31 57 52 52 31 30 44 30 30 30 30 31 2c 44 30 30 30 30 32 2c 44 30 30 30 30 33 2c 44 30 30 30 30 34 2c 44 30 30 30 30 35 2c 44 30 30 30 30 36 2c 44 30 30 30 30 37 2c 44 30 30 30 30 38 2c 44 30 30 30 30 39 2c 44 30 30 30 31 30 0d 0a
	01WRR10D00001,D00002,D00003,D00004,D00005,D00006,D00007,D00008,D00009,D00010··
D165535 5
	30 31 57 52 52 30 31 44 36 35 35 33 35 0d 0a
	01WRR01D65535··
D201023 33
	30 32 57 52 44 44 30 31 30 32 33 2c 33 33 0d 0a
	02WRDD01023,33··
D30001 63
	30 33 57 52 44 44 30 30 30 30 31 2c 36 33 0d 0a
	03WRDD00001,63··
D40001 31
	30 34 57 52 52 33 31 44 30 30 30 30 31 2c 44 30 30 30 30 32 2c 44 30 30 30 30 33 2c 44 30 30 30 30 34 2c 44 30 30 30 30 35 2c 44 30 30 30 30 36 2c 44 30 30 30 30 37 2c 44 30 30 30 30 38 2c 44 30 30 30 30 39 2c 44 30 30 30 31 30 2c 44 30 30 30 31 31 2c 44 30 30 30 31 32 2c 44 30 30 30 31 33 2c 44 30 30 30 31 34 2c 44 30 30 30 31 35 2c 44 30 30 30 31 36 2c 44 30 30 30 31 37 2c 44 30 30 30 31 38 2c 44 30 30 30 31 39 2c 44 30 30 30 32 30 2c 44 30 30 30 32 31 2c 44 30 30 30 32 32 2c 44 30 30 30 32 33 2c 44 30 30 30 32 34 2c 44 30 30 30 32 35 2c 44 30 30 30 32 36 2c 44 30 30 30 32 37 2c 44 30 30 30 32 38 2c 44 30 30 30 32 39 2c 44 30 30 30 33 30 2c 44 30 30 30 33 31 0d 0a
	04WRR31D00001,D00002,D00003,D00004,D00005,D00006,D00007,D00008,D00009,D00010,D00011,D00012,D00013,D00014,D00015,D00016,D00017,D00018,D00019,D00020,D00021,D00022,D00023,D00024,D00025,D00026,D00027,D00028,D00029,D00030,D00031



(1000001 - 1524288,2000001 - 2524288,3000001 - 3524288,4000001 - 4524288)
F1000001 8
	30 31 57 52 52 30 38 46 30 30 30 30 30 31 2c 46 30 30 30 30 30 32 2c 46 30 30 30 30 30 33 2c 46 30 30 30 30 30 34 2c 46 30 30 30 30 30 35 2c 46 30 30 30 30 30 36 2c 46 30 30 30 30 30 37 2c 46 30 30 30 30 30 38 0d 0a
	01WRR08F000001,F000002,F000003,F000004,F000005,F000006,F000007,F000008··
F2065535 4
	30 32 57 52 52 30 34 46 30 36 35 35 33 35 2c 46 30 36 35 35 33 36 2c 46 30 36 35 35 33 37 2c 46 30 36 35 35 33 38 0d 0a
	02WRR04F065535,F065536,F065537,F065538··
F3524288 2
	30 33 57 52 52 30 31 46 35 32 34 32 38 38 0d 0a
	03WRR01F524288··
F4524256 33
	30 34 57 52 44 46 35 32 34 32 35 36 2c 33 33 0d 0a
	04WRDF524256,33··



(1000001 - 1262144,2000001 - 2262144,3000001 - 3262144,4000001 - 4262144)
B1000001 8
	30 31 57 52 52 30 38 42 30 30 30 30 31 2c 42 30 30 30 30 32 2c 42 30 30 30 30 33 2c 42 30 30 30 30 34 2c 42 30 30 30 30 35 2c 42 30 30 30 30 36 2c 42 30 30 30 30 37 2c 42 30 30 30 30 38 0d 0a
	01WRR08B00001,B00002,B00003,B00004,B00005,B00006,B00007,B00008··
B2131071 4
	30 32 57 52 52 30 34 42 31 33 31 30 37 31 2c 42 31 33 31 30 37 32 2c 42 31 33 31 30 37 33 2c 42 31 33 31 30 37 34 0d 0a
	02WRR04B131071,B131072,B131073,B131074··
B3262144 2
	30 33 57 52 52 30 31 42 32 36 32 31 34 34 0d 0a
	03WRR01B262144··
B4262112 33
	30 34 57 52 44 42 32 36 32 31 31 32 2c 33 33 0d 0a
	04WRDB262112,33··



(100001 - 178192,200001 - 278192,300001 - 378192,400001 - 478192)
W100001 1
	30 31 57 52 52 30 31 57 30 30 30 30 31 0d 0a
	01WRR01W00001··
W216383 4
	30 32 57 52 52 30 34 57 31 36 33 38 33 2c 57 31 36 33 38 34 2c 57 31 36 33 38 35 2c 57 31 36 33 38 36 0d 0a
	02WRR04W16383,W16384,W16385,W16386··
W478160 33
	30 34 57 52 44 57 37 38 31 36 30 2c 33 33 0d 0a
	04WRDW78160,33··



(10001 - 41024)
Z10001 5
	30 31 57 52 52 30 35 5a 30 30 30 30 31 2c 5a 30 30 30 30 32 2c 5a 30 30 30 30 33 2c 5a 30 30 30 30 34 2c 5a 30 30 30 30 35 0d 0a
	01WRR05Z00001,Z00002,Z00003,Z00004,Z00005··
Z20001 1
	30 32 57 52 52 30 31 5a 30 30 30 30 31 0d 0a
	02WRR01Z00001··
Z40992 33
	30 34 57 52 44 5a 30 30 39 39 32 2c 33 33 0d 0a
	04WRDZ00992,33··



(100001 - 104096,200001 - 204096,300001 - 304096,400001 - 404096)
R104096 1
	30 31 57 52 52 30 31 52 30 34 30 39 36 0d 0a
	01WRR01R04096··
R200001 4
	30 32 57 52 52 30 34 52 30 30 30 30 31 2c 52 30 30 30 30 32 2c 52 30 30 30 30 33 2c 52 30 30 30 30 34 0d 0a
	02WRR04R00001,R00002,R00003,R00004··
R404064 33
	30 34 57 52 44 52 30 34 30 36 34 2c 33 33 0d 0a
	04WRDR04064,33··



(100001 - 100256，200001 - 200256，300001 - 300256，400001 - 400256)
V100001 3
	30 31 57 52 52 30 33 56 30 30 30 30 31 2c 56 30 30 30 30 32 2c 56 30 30 30 30 33 0d 0a
	01WRR03V00001,V00002,V00003··
V300001 1
	30 33 57 52 52 30 31 56 30 30 30 30 31 0d 0a
	03WRR01V00001
V400224 33
	30 34 57 52 44 56 30 30 32 32 34 2c 33 33 0d 0a
	04WRDV00224,33··



(10001 - 13072,20001 - 23072,30001 - 33072,40001 - 43072)
TP10001 6
	30 31 57 52 52 30 36 54 50 30 30 30 31 2c 54 50 30 30 30 32 2c 54 50 30 30 30 33 2c 54 50 30 30 30 34 2c 54 50 30 30 30 35 2c 54 50 30 30 30 36 0d 0a
	01WRR06TP0001,TP0002,TP0003,TP0004,TP0005,TP0006··
TP23072 1
	30 32 57 52 52 30 31 54 50 33 30 37 32 0d 0a
	02WRR01TP3072··
TP43040 33
	30 34 57 52 44 54 50 33 30 34 30 2c 33 33 0d 0a
	04WRDTP3040,33··



(10001 - 13072,20001 - 23072,30001 - 33072,40001 - 43072)
CP10001 1
	30 31 57 52 52 30 31 43 50 30 30 30 31 0d 0a
	01WRR01CP0001··
CP43040 33
	30 34 57 52 44 43 50 33 30 34 30 2c 33 33 0d 0a
	04WRDCP3040,33··



(10001 - 13072,20001 - 23072,30001 - 33072,40001 - 43072)
TI10001 1
	30 31 57 52 52 30 31 54 49 30 30 30 31 0d 0a
	01WRR01TI0001··
TI43040 33
	30 34 57 52 44 54 49 33 30 34 30 2c 33 33 0d 0a
	04WRDTI3040,33··



(10001 - 13072,20001 - 23072,30001 - 33072,40001 - 43072)
CI10001 1
	30 31 57 52 52 30 31 43 49 30 30 30 31 0d 0a
	01WRR01CI0001··
CI43040 33
	30 34 57 52 44 43 49 33 30 34 30 2c 33 33 0d 0a
	04WRDCI3040,33··



(10001 - 13072,20001 - 23072,30001 - 33072,40001 - 43072)
TS10001 1
	30 31 57 52 52 30 31 54 53 30 30 30 31 0d 0a 00 00 00
	01WRR01TS0001··
TS43040 33
	30 34 57 52 44 54 53 33 30 34 30 2c 33 33 0d 0a
	04WRDTS3040,33··



(10001 - 13072,20001 - 23072,30001 - 33072,40001 - 43072)
CS10001 1
	30 31 57 52 52 30 31 43 53 30 30 30 31 0d 0a
	01WRR01CS0001··
CS43040 33
	30 34 57 52 44 43 53 33 30 34 30 2c 33 33 0d 0a
	04WRDCS3040,33··



(最多读32个)
(100201,100217,100233,100249,100301 - 171649,200301 - 271649,300201 - 371649,400201 - 471649)(地址同理可得)
X(位)100201 10
	30 31 57 52 52 31 30 58 30 30 32 30 31 2c 58 30 30 32 31 37 2c 58 30 30 32 33 33 2c 58 30 30 32 34 39 2c 58 30 30 33 30 31 2c 58 30 30 33 31 37 2c 58 30 30 33 33 33 2c 58 30 30 33 34 39 2c 58 30 30 34 30 31 2c 58 30 30 34 31 37 0d 0a
	01WRR10X00201,X00217,X00233,X00249,X00301,X00317,X00333,X00349,X00401,X00417··
X(位)271649 1
	30 32 57 52 52 30 31 58 37 31 36 34 39 0d 0a
	02WRR01X71649
X(位)470849 33
	30 34 57 52 52 33 32 58 37 30 38 34 39 2c 58 37 30 39 30 31 2c 58 37 30 39 31 37 2c 58 37 30 39 33 33 2c 58 37 30 39 34 39 2c 58 37 31 30 30 31 2c 58 37 31 30 31 37 2c 58 37 31 30 33 33 2c 58 37 31 30 34 39 2c 58 37 31 31 30 31 2c 58 37 31 31 31 37 2c 58 37 31 31 33 33 2c 58 37 31 31 34 39 2c 58 37 31 32 30 31 2c 58 37 31 32 31 37 2c 58 37 31 32 33 33 2c 58 37 31 32 34 39 2c 58 37 31 33 30 31 2c 58 37 31 33 31 37 2c 58 37 31 33 33 33 2c 58 37 31 33 34 39 2c 58 37 31 34 30 31 2c 58 37 31 34 31 37 2c 58 37 31 34 33 33 2c 58 37 31 34 34 39 2c 58 37 31 35 30 31 2c 58 37 31 35 31 37 2c 58 37 31 35 33 33 2c 58 37 31 35 34 39 2c 58 37 31 36 30 31 2c 58 37 31 36 31 37 2c 58 37 31 36 33 33 0d 0a
	04WRR32X70849,X70901,X70917,X70933,X70949,X71001,X71017,X71033,X71049,X71101,X71117,X71133,X71149,X71201,X71217,X71233,X71249,X71301,X71317,X71333,X71349,X71401,X71417,X71433,X71449,X71501,X71517,X71533,X71549,X71601,X71617,X71633··


(最多读32个)
(100201,100217,100233,100249,100301 - 171649,200301 - 271649,300201 - 371649,400201 - 471649)(地址同理可得)
Y(位)100201 4
	30 31 57 52 52 30 34 59 30 30 32 30 31 2c 59 30 30 32 31 37 2c 59 30 30 32 33 33 2c 59 30 30 32 34 39 0d 0a
	01WRR04Y00201,Y00217,Y00233,Y00249··



(100001 - 165521,200001 - 265521,300001 - 365521,400001 - 465521)(地址每次递增16)
I(位)100001 8
	30 31 57 52 52 30 38 49 30 30 30 30 31 2c 49 30 30 30 31 37 2c 49 30 30 30 33 33 2c 49 30 30 30 34 39 2c 49 30 30 30 36 35 2c 49 30 30 30 38 31 2c 49 30 30 30 39 37 2c 49 30 30 31 31 33 0d 0a
	01WRR08I00001,I00017,I00033,I00049,I00065,I00081,I00097,I00113··
I(位)200001 1
	30 32 57 52 52 30 31 49 30 30 30 30 31 0d 0a
	02WRR01I00001··
I(位)465009 33
	30 34 57 52 44 49 36 35 30 30 39 2c 33 33 0d 0a
	04WRDI65009,33



(100001 - 104081,200001 - 204081,300001 - 304081,400001 - 404081)(地址每次递增16)
E(位)100001 4
	30 31 57 52 52 30 34 45 30 30 30 30 31 2c 45 30 30 30 31 37 2c 45 30 30 30 33 33 2c 45 30 30 30 34 39 0d 0a
	01WRR04E00001,E00017,E00033,E00049··
E(位)204081 1
	30 32 57 52 52 30 31 45 30 34 30 38 31 0d 0a
	02WRR01E04081··
E(位)403569 33
	30 34 57 52 44 45 30 33 35 36 39 2c 33 33 0d 0a
	04WRDE03569,33··



(100001 - 178177,200001 - 278177,300001 - 378177,400001 - 478177)(地址每次递增)
L(位)100001 6
	30 31 57 52 52 30 36 4c 30 30 30 30 31 2c 4c 30 30 30 31 37 2c 4c 30 30 30 33 33 2c 4c 30 30 30 34 39 2c 4c 30 30 30 36 35 2c 4c 30 30 30 38 31 0d 0a
	01WRR06L00001,L00017,L00033,L00049,L00065,L00081··
L(位)278177 1
	30 32 57 52 52 30 31 4c 37 38 31 37 37 0d 0a
	02WRR01L78177··
L(位)477665 33
	30 34 57 52 44 4c 37 37 36 36 35 2c 33 33 0d 0a
	04WRDL77665,33··



(100001 - 109969,200001 - 209969,300001 - 309969,400001 - 409969)(地址每次递增)
M(位)100001 7
	30 31 57 52 52 30 37 4d 30 30 30 30 31 2c 4d 30 30 30 31 37 2c 4d 30 30 30 33 33 2c 4d 30 30 30 34 39 2c 4d 30 30 30 36 35 2c 4d 30 30 30 38 31 2c 4d 30 30 30 39 37 0d 0a
	01WRR07M00001,M00017,M00033,M00049,M00065,M00081,M00097··
M(位)209969 1
	30 32 57 52 52 30 31 4d 30 39 39 36 39 0d 0a
	02WRR01M09969··
M(位)409457 33
	30 34 57 52 44 4d 30 39 34 35 37 2c 33 33 0d 0a
	04WRDM09457,33··



