



（最多读取64个）
FA-M3系列TCP



(100001 - 165535,200001 - 265535,300001 - 365535,400001 - 465535)
D100001 8
	30 31 57 52 52 30 38 44 30 30 30 30 31 2C 44 30 30 30 30 32 2C 44 30 30 30 30 33 2C 44 30 30 30 30 34 2C 44 30 30 30 30 35 2C 44 30 30 30 30 36 2C 44 30 30 30 30 37 2C 44 30 30 30 30 38 0D 0A
	01WRR08D00001,D00002,D00003,D00004,D00005,D00006,D00007,D00008
D100001 33
	30 31 57 52 44 44 30 30 30 30 31 2C 33 33 0D 0A
	01WRDD00001,33
D265535 2
	30 32 57 52 52 30 31 44 36 35 35 33 35 0D 0A
	02WRR01D65535
D360000 4
	30 33 57 52 52 30 34 44 36 30 30 30 30 2C 44 36 30 30 30 31 2C 44 36 30 30 30 32 2C 44 36 30 30 30 33 0D 0A
	03WRR04D60000,D60001,D60002,D60003
D465530 6
	30 34 57 52 52 30 36 44 36 35 35 33 30 2C 44 36 35 35 33 31 2C 44 36 35 35 33 32 2C 44 36 35 35 33 33 2C 44 36 35 35 33 34 2C 44 36 35 35 33 35 0D 0A
	04WRR06D65530,D65531,D65532,D65533,D65534,D65535



(1000001 - 1524288,2000001 - 2524288,3000001 - 3524288,4000001 - 4524288)
F1000001 3
	30 31 57 52 52 30 33 46 30 30 30 30 30 31 2C 46 30 30 30 30 30 32 2C 46 30 30 30 30 30 33 0D 0A
	01WRR03F000001,F000002,F000003
F2524288 2
	30 32 57 52 52 30 31 46 35 32 34 32 38 38 0D 0A
	02WRR01F524288
F3222222 5
	30 33 57 52 52 30 35 46 32 32 32 32 32 32 2C 46 32 32 32 32 32 33 2C 46 32 32 32 32 32 34 2C 46 32 32 32 32 32 35 2C 46 32 32 32 32 32 36 0D 0A
	03WRR05F222222,F222223,F222224,F222225,F222226
F4524285 4
	30 34 57 52 52 30 34 46 35 32 34 32 38 35 2C 46 35 32 34 32 38 36 2C 46 35 32 34 32 38 37 2C 46 35 32 34 32 38 38 0D 0A
	04WRR04F524285,F524286,F524287,F524288



(1000001 - 1262144,2000001 - 2262144,3000001 - 3262144,4000001 - 4262144)
B1000001 4
	30 31 57 52 52 30 34 42 30 30 30 30 31 2C 42 30 30 30 30 32 2C 42 30 30 30 30 33 2C 42 30 30 30 30 34 0D 0A
	01WRR04B00001,B00002,B00003,B00004
B2262144 2
	30 32 57 52 52 30 31 42 32 36 32 31 34 34 0D 0A
	02WRR01B262144
B3133333 3
	30 33 57 52 52 30 33 42 31 33 33 33 33 33 2C 42 31 33 33 33 33 34 2C 42 31 33 33 33 33 35 0D 0A
	03WRR03B133333,B133334,B133335
B4262144 1
	30 34 57 52 52 30 31 42 32 36 32 31 34 34 0D 0A
	04WRR01B262144



(100001 - 178192,200001 - 278192,300001 - 378192,400001 - 478192)
W100001 6
	30 31 57 52 52 30 36 57 30 30 30 30 31 2C 57 30 30 30 30 32 2C 57 30 30 30 30 33 2C 57 30 30 30 30 34 2C 57 30 30 30 30 35 2C 57 30 30 30 30 36 0D 0A
	01WRR06W00001,W00002,W00003,W00004,W00005,W00006
W278191 4
	30 32 57 52 52 30 32 57 37 38 31 39 31 2C 57 37 38 31 39 32 0D 0A
	02WRR02W78191,W78192
W339095 3
	30 33 57 52 52 30 33 57 33 39 30 39 35 2C 57 33 39 30 39 36 2C 57 33 39 30 39 37 0D 0A
	03WRR03W39095,W39096,W39097
W478188 5
	30 34 57 52 52 30 35 57 37 38 31 38 38 2C 57 37 38 31 38 39 2C 57 37 38 31 39 30 2C 57 37 38 31 39 31 2C 57 37 38 31 39 32 0D 0A
	04WRR05W78188,W78189,W78190,W78191,W78192



(10001 - 11024,20001 - 21024,30001 - 31024,40001 - 41024)
Z10001 2
	30 31 57 52 52 30 32 5A 30 30 30 30 31 2C 5A 30 30 30 30 32 0D 0A
	01WRR02Z00001,Z00002
Z21023 4
	30 32 57 52 52 30 32 5A 30 31 30 32 33 2C 5A 30 31 30 32 34 0D 0A
	02WRR02Z01023,Z01024
Z30509 6
	30 33 57 52 52 30 36 5A 30 30 35 30 39 2C 5A 30 30 35 31 30 2C 5A 30 30 35 31 31 2C 5A 30 30 35 31 32 2C 5A 30 30 35 31 33 2C 5A 30 30 35 31 34 0D 0A
	03WRR06Z00509,Z00510,Z00511,Z00512,Z00513,Z00514
Z41024 1
	30 34 57 52 52 30 31 5A 30 31 30 32 34 0D 0A
	04WRR01Z01024


(100001 - 104096,200001 - 204096,300001 - 304096,400001 - 404096)
R100001 4
	30 31 57 52 52 30 34 52 30 30 30 30 31 2C 52 30 30 30 30 32 2C 52 30 30 30 30 33 2C 52 30 30 30 30 34 0D 0A
	01WRR04R00001,R00002,R00003,R00004
R204096 2
	30 32 57 52 52 30 31 52 30 34 30 39 36 0D 0A
	02WRR01R04096
R302047 3
	30 33 57 52 52 30 33 52 30 32 30 34 37 2C 52 30 32 30 34 38 2C 52 30 32 30 34 39 0D 0A
	03WRR03R02047,R02048,R02049
R404096 1
	30 34 57 52 52 30 31 52 30 34 30 39 36 0D 0A
	04WRR01R04096



(100001 - 100256,200001 - 200256,300001 - 300256,400001 - 400256)
V100001 8
	30 31 57 52 52 30 38 56 30 30 30 30 31 2C 56 30 30 30 30 32 2C 56 30 30 30 30 33 2C 56 30 30 30 30 34 2C 56 30 30 30 30 35 2C 56 30 30 30 30 36 2C 56 30 30 30 30 37 2C 56 30 30 30 30 38 0D 0A
	01WRR08V00001,V00002,V00003,V00004,V00005,V00006,V00007,V00008
V200255 3
	30 32 57 52 52 30 32 56 30 30 32 35 35 2C 56 30 30 32 35 36 0D 0A
	02WRR02V00255,V00256
V300128 2
	30 33 57 52 52 30 32 56 30 30 31 32 38 2C 56 30 30 31 32 39 0D 0A
	03WRR02V00128,V00129
V400250 6
	30 34 57 52 52 30 36 56 30 30 32 35 30 2C 56 30 30 32 35 31 2C 56 30 30 32 35 32 2C 56 30 30 32 35 33 2C 56 30 30 32 35 34 2C 56 30 30 32 35 35 0D 0A
	04WRR06V00250,V00251,V00252,V00253,V00254,V00255



(10001 - 13072,20001 - 23072,30001 - 33072,40001 - 43072)
TP10001 10
	30 31 57 52 52 31 30 54 50 30 30 30 31 2C 54 50 30 30 30 32 2C 54 50 30 30 30 33 2C 54 50 30 30 30 34 2C 54 50 30 30 30 35 2C 54 50 30 30 30 36 2C 54 50 30 30 30 37 2C 54 50 30 30 30 38 2C 54 50 30 30 30 39 2C 54 50 30 30 31 30 0D 0A
	01WRR10TP0001,TP0002,TP0003,TP0004,TP0005,TP0006,TP0007,TP0008,TP0009,TP0010



(10001 - 13072,20001 - 23072,30001 - 33072,40001 - 43072)
CP23071 4
	30 32 57 52 52 30 32 43 50 33 30 37 31 2C 43 50 33 30 37 32 0D 0A
	02WRR02CP3071,CP3072


(10001 - 13072,20001 - 23072,30001 - 33072,40001 - 43072)
TI31024 8
	30 33 57 52 52 30 38 54 49 31 30 32 34 2C 54 49 31 30 32 35 2C 54 49 31 30 32 36 2C 54 49 31 30 32 37 2C 54 49 31 30 32 38 2C 54 49 31 30 32 39 2C 54 49 31 30 33 30 2C 54 49 31 30 33 31 0D 0A
	03WRR08TI1024,TI1025,TI1026,TI1027,TI1028,TI1029,TI1030,TI1031



(10001 - 13072,20001 - 23072,30001 - 33072,40001 - 43072)
CI43072 1
	30 34 57 52 52 30 31 43 49 33 30 37 32 0D 0A
	04WRR01CI3072



(10001 - 13072,20001 - 23072,30001 - 33072,40001 - 43072)
TS13056 7
	30 31 57 52 52 30 37 54 53 33 30 35 36 2C 54 53 33 30 35 37 2C 54 53 33 30 35 38 2C 54 53 33 30 35 39 2C 54 53 33 30 36 30 2C 54 53 33 30 36 31 2C 54 53 33 30 36 32 0D 0A
	01WRR07TS3056,TS3057,TS3058,TS3059,TS3060,TS3061,TS3062



(10001 - 13072,20001 - 23072,30001 - 33072,40001 - 43072)
CS42048 2
	30 34 57 52 52 30 32 43 53 32 30 34 38 2C 43 53 32 30 34 39 0D 0A
	04WRR02CS2048,CS2049



(100201 - 471649)(地址每次递增16)
X(位)



(100201 - 471649)(地址每次递增16)
Y(位)



(100001 - 465521)(地址每次递增16)
I(位)



(100001 - 404081)(地址每次递增)
E(位)



(100001 - 478177)(地址每次递增)
L(位)



(100001 - 409969)(地址每次递增)
M(位)

