




松下mewtocol-7(UDP)
1.DT0 10
	3e 40 45 45 45 30 30 23 30 30 4d 4d 52 44 44 47 32 44 54 30 30 30 30 30 30 30 30 30 30 30 31 30 44 39 42 39 0d
	>@EEE00#00MMRDDG2DT0000000000010D9B9
2.DT10 10
	3e 40 45 45 45 30 30 23 30 30 4d 4d 52 44 44 47 32 44 54 30 30 30 30 31 30 30 30 30 30 30 31 30 39 34 34 34 0d
	>@EEE00#00MMRDDG2DT00001000000109444
3.LD0 10
	3e 40 45 45 45 30 30 23 30 30 4d 4d 52 44 44 47 32 4c 44 30 30 30 30 30 30 30 30 30 30 30 31 30 35 45 31 43 0d
	>@EEE00#00MMRDDG2LD00000000000105E1C